x1 = c(1.716,3.384,7.579,8.928,9.026,8.560,11.381,14,14.865,29.952,16.509,17.735,18.336,18.962,21.219,22.912,25.070,27.303,27.892,28.971,29.373)
y1 = c(3.278,3.131,2.984,3.597,3.229,2.542,2.322,2,2.150,3.622,2.150,2.076,1.812,2.076,1.856,1.586,1.757,2.322,2.910,2.739,3.047)


C= (1.7162854350422,3.2788926347208)
D= (3.3844722607971,3.1316996795072)
E= (7.5794714843866,2.9845067242935)
F= (8.9287402405119,3.5978107043504)
G= (9.026868877321,3.2298283163163)
H= (8.5607578524778,2.5429278586525)
J= (11.3819561607397,2.322138425832)
L= (14,2)
M= (14.8655227674632,2.1504133114161)
Q= (29.9528006768641,3.6223428635527)
N= (16.5091774340158,2.1504133114161)
O= (17.7357853941297,2.0768168338092)
I= (18.3364515952037,1.8129928725564)
R= (18.9623933542436,2.0768168338092)
S= (21.2193520008532,1.8560274009887)
T= (22.9120709858103,1.5861736497637)
V= (25.0709009956108,1.7578987641796)
W= (27.3033274830181,2.322138425832)
Z= (27.8920993038728,2.9109102466867)
A_{1}= (28.971514308773,2.7391851322707)
B_{1}= (29.3731148408992,3.0472000200326)